MatchID	DateMatch	HomeParticipant	AwayParticipant	TeamID	SportArenaID
1	2019-02-07 17:00:00.000	178	669	31	15
2	2019-02-07 18:00:00.000	498	89	31	420
3	2019-02-07 18:30:00.000	179	1	31	232
4	2019-02-07 19:30:00.000	177	616	31	436
5	2019-02-11 14:50:00.000	731	142	33	462
6	2019-02-11 15:00:00.000	710	390	34	279
7	2019-02-11 15:00:00.000	288	421	24	480
8	2019-02-11 15:30:00.000	359	672	85	437
9	2019-02-11 17:00:00.000	511	161	70	389
10	2019-02-11 17:00:00.000	56	256	47	335
11	2019-02-11 17:00:00.000	467	306	47	528
12	2019-02-11 17:00:00.000	629	389	19	30
13	2019-02-11 17:00:00.000	304	436	47	313
14	2019-02-11 17:00:00.000	309	448	6	93
15	2019-02-11 17:00:00.000	738	559	2	533
16	2019-02-11 17:00:00.000	144	578	33	544
17	2019-02-11 17:00:00.000	592	760	47	160
18	2019-02-11 17:30:00.000	257	259	24	267
19	2019-02-11 17:30:00.000	303	292	2	579
20	2019-02-11 17:30:00.000	569	318	33	339
21	2019-02-11 17:30:00.000	644	340	9	330
22	2019-02-11 17:30:00.000	140	413	24	171
23	2019-02-11 17:30:00.000	611	588	24	112
24	2019-02-11 17:30:00.000	483	610	47	181
25	2019-02-11 17:30:00.000	7	618	79	76
26	2019-02-11 17:30:00.000	645	639	9	27
27	2019-02-11 18:00:00.000	20	13	29	572
28	2019-02-11 18:00:00.000	763	270	11	315
29	2019-02-11 18:00:00.000	418	333	86	446
30	2019-02-11 18:00:00.000	176	452	86	539
31	2019-02-11 18:00:00.000	85	667	86	290
32	2019-02-11 18:30:00.000	212	67	79	223
33	2019-02-11 18:30:00.000	693	754	87	151
34	2019-02-11 19:00:00.000	662	206	7	107
35	2019-02-11 19:00:00.000	246	255	86	6
36	2019-02-11 19:30:00.000	47	160	7	347
37	2019-02-11 19:45:00.000	253	640	11	381
38	2019-02-12 08:00:00.000	143	346	81	248
39	2019-02-12 08:35:00.000	479	94	67	187
40	2019-02-12 10:30:00.000	23	10	24	370
41	2019-02-12 11:00:00.000	362	586	81	208
42	2019-02-12 12:00:00.000	677	90	2	123
43	2019-02-12 12:00:00.000	198	114	58	16
44	2019-02-12 13:00:00.000	615	311	2	412
45	2019-02-12 13:00:00.000	435	312	2	551
46	2019-02-12 13:00:00.000	91	691	58	483
47	2019-02-12 14:30:00.000	250	465	24	252
48	2019-02-12 15:00:00.000	469	93	58	489
49	2019-02-12 15:00:00.000	676	100	2	309
50	2019-02-12 15:00:00.000	349	522	58	512
51	2019-02-12 15:00:00.000	565	678	24	157
52	2019-02-12 16:00:00.000	393	215	2	360
53	2019-02-12 16:00:00.000	709	519	37	187
54	2019-02-12 16:00:00.000	139	520	2	232
55	2019-02-12 16:00:00.000	40	561	58	299
56	2019-02-12 16:00:00.000	153	612	58	336
57	2019-02-12 16:15:00.000	123	538	59	268
58	2019-02-12 16:30:00.000	271	278	50	558
59	2019-02-12 16:30:00.000	263	283	50	302
60	2019-02-12 16:30:00.000	466	386	2	127
61	2019-02-12 16:30:00.000	48	761	2	187
62	2019-02-12 17:00:00.000	151	110	2	522
63	2019-02-12 17:00:00.000	598	251	50	548
64	2019-02-12 17:00:00.000	249	252	62	58
65	2019-02-12 17:00:00.000	305	258	50	30
66	2019-02-12 17:00:00.000	248	276	50	217
67	2019-02-12 17:00:00.000	265	280	50	540
68	2019-02-12 17:00:00.000	62	445	19	306
69	2019-02-12 17:00:00.000	457	499	59	177
70	2019-02-12 17:00:00.000	547	535	63	102
71	2019-02-12 17:30:00.000	301	17	24	309
72	2019-02-12 17:30:00.000	150	167	59	272
73	2019-02-12 17:30:00.000	291	281	24	145
74	2019-02-12 17:30:00.000	600	360	24	189
75	2019-02-12 17:30:00.000	302	627	24	46
76	2019-02-12 17:30:00.000	607	661	79	179
77	2019-02-12 17:30:00.000	446	736	19	217
78	2019-02-12 18:00:00.000	542	183	59	31
79	2019-02-12 18:00:00.000	609	319	29	379
80	2019-02-12 18:00:00.000	759	336	29	450
81	2019-02-12 18:00:00.000	236	339	29	412
82	2019-02-12 18:00:00.000	307	417	29	342
83	2019-02-12 18:00:00.000	730	527	77	383
84	2019-02-12 18:00:00.000	338	540	29	354
85	2019-02-12 18:00:00.000	550	549	63	29
86	2019-02-12 18:30:00.000	82	162	58	326
87	2019-02-12 18:30:00.000	141	517	58	71
88	2019-02-12 18:30:00.000	741	558	1	433
89	2019-02-12 18:30:00.000	589	689	66	201
90	2019-02-12 19:00:00.000	267	86	1	523
91	2019-02-12 19:00:00.000	437	101	45	89
92	2019-02-12 19:00:00.000	81	104	45	218
93	2019-02-12 19:00:00.000	170	241	45	322
94	2019-02-12 19:00:00.000	679	351	45	5
95	2019-02-12 19:00:00.000	49	431	69	388
96	2019-02-12 19:00:00.000	715	487	64	529
97	2019-02-12 19:15:00.000	387	757	19	152
98	2019-02-12 19:30:00.000	58	30	58	331
99	2019-02-12 19:30:00.000	687	103	64	487
100	2019-02-12 19:30:00.000	594	189	40	313
101	2019-02-12 19:30:00.000	680	450	64	40
102	2019-02-12 19:30:00.000	83	464	45	284
103	2019-02-12 19:30:00.000	119	489	45	94
104	2019-02-12 19:30:00.000	712	518	64	151
105	2019-02-12 19:30:00.000	714	587	58	13
106	2019-02-12 19:45:00.000	502	563	64	286
107	2019-02-12 20:30:00.000	237	187	35	508
108	2019-02-12 20:30:00.000	348	584	35	361
109	2019-02-12 21:00:00.000	3	420	18	254
110	2019-02-12 21:30:00.000	99	185	18	284
111	2019-02-13 01:00:00.000	747	582	53	53
112	2019-02-13 08:00:00.000	651	26	81	531
113	2019-02-13 08:35:00.000	742	238	67	355
114	2019-02-13 11:00:00.000	751	111	81	218
115	2019-02-13 15:00:00.000	288	44	24	17
116	2019-02-13 15:00:00.000	162	93	58	260
117	2019-02-13 15:00:00.000	522	517	58	353
118	2019-02-13 15:30:00.000	294	580	37	118
119	2019-02-13 16:00:00.000	153	356	58	30
120	2019-02-13 16:00:00.000	40	714	58	153
121	2019-02-13 16:15:00.000	640	740	11	344
122	2019-02-13 17:00:00.000	306	56	47	521
123	2019-02-13 17:00:00.000	467	256	47	201
124	2019-02-13 17:00:00.000	639	429	9	168
125	2019-02-13 17:00:00.000	304	592	47	504
126	2019-02-13 17:00:00.000	436	760	47	258
127	2019-02-13 17:30:00.000	405	201	9	399
128	2019-02-13 17:30:00.000	611	259	24	539
129	2019-02-13 17:30:00.000	546	340	9	241
130	2019-02-13 17:30:00.000	301	421	24	174
131	2019-02-13 17:30:00.000	140	588	24	365
132	2019-02-13 17:30:00.000	644	645	9	365
133	2019-02-13 18:00:00.000	657	89	31	448
134	2019-02-13 18:00:00.000	384	343	29	232
135	2019-02-13 18:00:00.000	184	379	77	101
136	2019-02-13 18:00:00.000	493	391	29	43
137	2019-02-13 18:00:00.000	416	409	54	517
138	2019-02-13 18:00:00.000	324	461	54	302
139	2019-02-13 18:00:00.000	576	664	54	343
140	2019-02-13 18:00:00.000	590	688	54	104
141	2019-02-13 18:00:00.000	204	690	54	344
142	2019-02-13 18:15:00.000	343	227	29	20
143	2019-02-13 18:30:00.000	543	5	79	413
144	2019-02-13 18:30:00.000	68	74	29	494
145	2019-02-13 18:30:00.000	349	88	58	306
146	2019-02-13 18:30:00.000	526	188	71	45
147	2019-02-13 18:30:00.000	82	198	58	106
148	2019-02-13 19:15:00.000	509	365	1	363
149	2019-02-13 19:15:00.000	551	548	63	535
150	2019-02-13 19:30:00.000	91	587	58	274
151	2019-02-13 19:45:00.000	240	156	64	441
152	2019-02-13 19:45:00.000	97	326	43	430
153	2019-02-13 20:15:00.000	353	58	58	169
154	2019-02-13 21:00:00.000	107	490	60	394
155	2019-02-13 22:30:00.000	743	78	60	98
156	2019-02-14 01:20:00.000	118	46	23	495
157	2019-02-14 08:45:00.000	656	655	67	499
158	2019-02-14 10:40:00.000	136	507	52	8
159	2019-02-14 10:50:00.000	239	433	75	74
160	2019-02-14 17:00:00.000	178	181	31	423
161	2019-02-14 18:00:00.000	1	9	31	106
162	2019-02-14 18:00:00.000	498	180	31	346
163	2019-02-14 18:00:00.000	739	192	61	472
164	2019-02-14 18:30:00.000	669	670	31	273
165	2019-02-14 19:00:00.000	614	177	31	276
166	2019-02-14 19:35:00.000	159	128	12	259
167	2019-02-14 19:35:00.000	462	495	12	369
168	2019-02-14 19:45:00.000	211	84	3	396
169	2019-02-14 19:45:00.000	744	98	43	307
170	2019-02-14 19:45:00.000	634	328	43	217
171	2019-02-14 19:45:00.000	400	566	43	143
172	2019-02-14 19:45:00.000	753	746	43	573
173	2019-02-15 03:05:00.000	133	749	67	203
174	2019-02-15 08:35:00.000	472	620	38	74
175	2019-02-15 10:25:00.000	124	217	75	143
176	2019-02-15 10:40:00.000	622	633	52	49
177	2019-02-15 11:05:00.000	39	29	38	406
178	2019-02-15 12:00:00.000	554	331	16	7
179	2019-02-15 13:00:00.000	616	179	31	274
180	2019-02-15 13:30:00.000	61	63	16	388
181	2019-02-15 13:30:00.000	130	647	16	229
182	2019-02-15 14:00:00.000	213	148	61	146
183	2019-02-15 14:30:00.000	234	131	30	69
184	2019-02-15 15:00:00.000	134	55	30	312
185	2019-02-15 15:00:00.000	544	154	30	317
186	2019-02-15 15:00:00.000	157	399	30	375
187	2019-02-15 15:15:00.000	752	225	43	496
188	2019-02-15 16:15:00.000	223	682	61	372
189	2019-02-15 17:15:00.000	577	60	12	85
190	2019-02-15 17:15:00.000	401	474	12	333
191	2019-02-15 17:30:00.000	675	681	43	445
192	2019-02-15 18:00:00.000	329	414	43	278
193	2019-02-15 18:30:00.000	108	210	12	439
194	2019-02-15 19:35:00.000	762	96	12	334
195	2019-02-16 03:05:00.000	479	50	67	196
196	2019-02-16 08:00:00.000	633	95	27	57
197	2019-02-16 14:00:00.000	395	683	10	330
198	2019-02-16 14:00:00.000	199	724	16	148
199	2019-02-16 15:00:00.000	181	89	31	47
200	2019-02-16 15:00:00.000	732	182	10	379
201	2019-02-16 15:00:00.000	120	233	10	273
202	2019-02-16 15:00:00.000	632	750	10	205
203	2019-02-16 16:00:00.000	491	172	10	189
204	2019-02-16 16:00:00.000	180	669	31	49
205	2019-02-16 16:30:00.000	381	641	10	318
206	2019-02-16 17:00:00.000	177	1	31	103
207	2019-02-16 17:00:00.000	614	178	31	186
208	2019-02-16 17:00:00.000	498	657	31	393
209	2019-02-17 09:10:00.000	616	670	31	401
210	2019-02-17 10:30:00.000	10	140	24	259
211	2019-02-17 10:30:00.000	23	257	24	562
212	2019-02-17 11:00:00.000	628	438	36	31
213	2019-02-17 11:30:00.000	100	48	2	274
214	2019-02-17 12:30:00.000	274	611	24	267
215	2019-02-17 13:30:00.000	371	449	2	91
216	2019-02-17 14:00:00.000	571	354	2	527
217	2019-02-17 14:30:00.000	520	677	2	426
218	2019-02-17 15:00:00.000	162	469	58	369
219	2019-02-17 15:00:00.000	141	522	58	186
220	2019-02-17 15:00:00.000	383	604	36	324
221	2019-02-17 15:30:00.000	224	322	33	463
222	2019-02-17 16:00:00.000	561	91	58	208
223	2019-02-17 16:00:00.000	58	153	58	116
224	2019-02-17 16:30:00.000	360	288	24	46
225	2019-02-17 16:30:00.000	476	573	10	210
226	2019-02-17 17:00:00.000	279	280	50	317
227	2019-02-17 17:10:00.000	179	9	31	170
228	2019-02-17 17:30:00.000	603	7	79	283
229	2019-02-17 17:30:00.000	627	44	24	325
230	2019-02-17 17:30:00.000	281	421	24	52
231	2019-02-17 17:40:00.000	318	578	33	251
232	2019-02-17 18:00:00.000	661	16	77	453
233	2019-02-17 18:00:00.000	338	20	29	55
234	2019-02-17 18:00:00.000	374	659	88	468
235	2019-02-17 18:30:00.000	82	93	58	141
236	2019-02-17 18:30:00.000	184	485	39	60
237	2019-02-17 18:30:00.000	349	517	58	136
238	2019-02-17 18:30:00.000	602	726	5	538
239	2019-02-17 19:00:00.000	142	132	33	175
240	2019-02-17 19:30:00.000	19	584	35	390
241	2019-02-17 19:30:00.000	30	612	58	43
242	2019-02-17 19:30:00.000	40	691	58	93
243	2019-02-17 20:30:00.000	11	348	35	321
244	2019-02-18 00:00:00.000	126	87	13	477
245	2019-02-18 00:00:00.000	510	471	13	294
246	2019-02-18 01:00:00.000	756	441	13	555
247	2019-02-18 01:15:00.000	112	581	23	329
248	2019-02-18 15:00:00.000	383	604	36	573
249	2019-02-18 16:00:00.000	279	262	50	246
250	2019-02-18 16:00:00.000	737	463	36	111
251	2019-02-18 16:30:00.000	635	21	36	7
252	2019-02-18 16:30:00.000	718	299	72	478
253	2019-02-18 16:30:00.000	684	370	72	359
254	2019-02-18 16:30:00.000	266	442	47	395
255	2019-02-18 16:30:00.000	460	483	47	371
256	2019-02-18 16:30:00.000	368	532	72	318
257	2019-02-18 17:00:00.000	592	56	47	183
258	2019-02-18 17:00:00.000	2	102	36	329
259	2019-02-18 17:00:00.000	315	243	47	251
260	2019-02-18 17:00:00.000	760	256	47	370
261	2019-02-18 17:00:00.000	436	306	47	292
262	2019-02-18 17:00:00.000	308	310	36	126
263	2019-02-18 17:00:00.000	314	313	47	293
264	2019-02-18 17:00:00.000	155	411	47	494
265	2019-02-18 17:00:00.000	601	412	36	379
266	2019-02-18 17:00:00.000	304	467	47	84
267	2019-02-18 17:30:00.000	209	214	85	427
268	2019-02-18 17:30:00.000	722	340	9	276
269	2019-02-18 17:30:00.000	546	429	9	12
270	2019-02-18 17:30:00.000	644	639	9	343
271	2019-02-18 18:00:00.000	619	6	55	411
272	2019-02-18 18:00:00.000	332	171	55	477
273	2019-02-18 18:00:00.000	488	200	55	461
274	2019-02-18 18:00:00.000	422	242	47	579
275	2019-02-18 18:00:00.000	297	555	55	93
276	2019-02-18 18:00:00.000	298	560	55	233
277	2019-02-18 18:00:00.000	405	645	9	182
278	2019-02-18 18:30:00.000	158	164	41	426
279	2019-02-18 19:00:00.000	219	25	76	428
280	2019-02-18 19:00:00.000	456	105	76	153
281	2019-02-18 19:00:00.000	272	138	76	518
282	2019-02-18 19:00:00.000	247	557	76	116
283	2019-02-18 19:15:00.000	76	34	76	476
284	2019-02-18 19:30:00.000	222	189	40	579
285	2019-02-18 19:30:00.000	528	419	76	505
286	2019-02-21 08:35:00.000	50	742	67	115
287	2019-02-21 10:40:00.000	434	136	52	111
288	2019-02-21 10:50:00.000	545	124	75	377
289	2019-02-21 14:30:00.000	132	144	33	241
290	2019-02-21 14:30:00.000	322	578	33	497
291	2019-02-21 14:50:00.000	731	224	33	45
292	2019-02-21 16:00:00.000	682	192	61	329
293	2019-02-21 16:30:00.000	172	732	10	76
294	2019-02-21 17:00:00.000	186	142	33	377
295	2019-02-21 17:00:00.000	375	377	65	342
296	2019-02-21 17:00:00.000	182	632	10	348
297	2019-02-21 18:15:00.000	108	707	12	31
298	2019-02-21 19:00:00.000	125	64	73	240
299	2019-02-21 19:00:00.000	745	190	82	531
300	2019-02-21 19:00:00.000	105	219	76	162
301	2019-02-21 19:00:00.000	247	272	76	137
302	2019-02-21 19:00:00.000	116	378	82	113
303	2019-02-21 19:00:00.000	557	419	76	185
304	2019-02-21 19:00:00.000	138	456	76	429
305	2019-02-21 19:00:00.000	41	503	73	170
306	2019-02-21 19:00:00.000	534	624	73	18
307	2019-02-21 19:00:00.000	80	711	73	195
308	2019-02-21 19:00:00.000	637	717	73	349
309	2019-02-21 19:30:00.000	34	528	76	143
310	2019-02-21 19:30:00.000	137	700	65	195
311	2019-02-21 19:30:00.000	32	713	73	204
312	2019-02-21 19:35:00.000	96	462	12	95
313	2019-02-21 19:45:00.000	473	175	3	404
314	2019-02-21 19:45:00.000	97	744	43	99
315	2019-02-22 00:00:00.000	702	191	60	568
316	2019-02-22 01:30:00.000	755	451	48	569
317	2019-02-22 02:00:00.000	344	506	60	411
318	2019-02-22 03:30:00.000	716	748	60	497
319	2019-02-22 03:35:00.000	238	479	67	187
320	2019-02-22 13:30:00.000	331	61	16	218
321	2019-02-22 14:00:00.000	573	120	10	187
322	2019-02-22 14:00:00.000	647	554	16	185
323	2019-02-22 15:00:00.000	233	491	10	62
324	2019-02-22 16:00:00.000	766	703	82	355
325	2019-02-22 17:00:00.000	1	178	31	292
326	2019-02-22 17:00:00.000	745	652	82	192
327	2019-02-22 18:00:00.000	704	190	82	421
328	2019-02-22 18:00:00.000	216	277	82	101
329	2019-02-22 18:00:00.000	666	705	82	361
330	2019-02-22 19:00:00.000	670	179	31	500
331	2019-02-24 10:00:00.000	539	383	36	321
332	2019-02-24 13:30:00.000	245	394	36	237
333	2019-02-24 14:00:00.000	562	350	36	53
334	2019-02-24 14:00:00.000	508	626	34	242
335	2019-02-24 15:00:00.000	288	565	24	133
336	2019-02-24 15:30:00.000	322	132	33	315
337	2019-02-24 16:00:00.000	412	102	36	523
338	2019-02-24 16:00:00.000	737	284	36	500
339	2019-02-24 16:30:00.000	263	251	50	218
340	2019-02-24 16:30:00.000	21	463	36	423
341	2019-02-24 16:30:00.000	373	466	2	145
342	2019-02-24 16:30:00.000	476	683	10	510
343	2019-02-24 16:30:00.000	381	750	10	425
344	2019-02-24 17:00:00.000	2	24	36	290
345	2019-02-24 17:00:00.000	706	224	33	381
346	2019-02-24 17:00:00.000	279	258	50	166
347	2019-02-24 17:00:00.000	598	271	50	573
348	2019-02-24 17:00:00.000	465	274	24	189
349	2019-02-24 17:00:00.000	262	276	50	567
350	2019-02-24 17:00:00.000	248	278	50	440
351	2019-02-24 17:00:00.000	283	280	50	383
352	2019-02-24 17:00:00.000	311	292	2	250
353	2019-02-24 17:00:00.000	265	293	50	149
354	2019-02-24 17:00:00.000	90	559	2	567
355	2019-02-24 17:00:00.000	606	591	34	92
356	2019-02-24 17:00:00.000	438	635	36	78
357	2019-02-24 17:00:00.000	767	676	2	256
358	2019-02-24 17:30:00.000	301	23	24	544
359	2019-02-24 17:30:00.000	259	250	24	71
360	2019-02-24 17:30:00.000	17	596	24	480
361	2019-02-24 18:00:00.000	307	339	29	345
362	2019-02-24 18:00:00.000	77	685	56	195
363	2019-02-24 18:30:00.000	403	543	79	462
364	2019-02-24 19:00:00.000	318	186	33	549
365	2019-02-24 19:00:00.000	325	408	87	513
366	2019-02-24 19:00:00.000	188	665	71	119
367	2019-02-24 19:45:00.000	361	358	22	177
368	2019-02-24 20:30:00.000	584	11	35	64
369	2019-02-24 20:30:00.000	643	723	35	391
370	2019-02-25 01:15:00.000	653	514	23	485
371	2019-02-25 01:30:00.000	127	173	83	46
372	2019-02-25 09:00:00.000	180	614	31	138
373	2019-02-25 11:00:00.000	355	521	80	103
374	2019-02-25 11:30:00.000	38	692	80	157
375	2019-02-25 12:30:00.000	386	139	2	452
376	2019-02-25 13:30:00.000	621	218	80	280
377	2019-02-25 13:30:00.000	245	394	36	271
378	2019-02-25 14:00:00.000	648	109	34	155
379	2019-02-25 14:00:00.000	585	113	80	31
380	2019-02-25 14:00:00.000	562	350	36	50
381	2019-02-25 14:30:00.000	110	435	2	232
382	2019-02-25 14:30:00.000	761	615	2	295
383	2019-02-25 15:00:00.000	44	413	24	410
384	2019-02-25 15:00:00.000	631	492	36	20
385	2019-02-25 15:00:00.000	421	588	24	80
386	2019-02-25 16:00:00.000	537	59	36	42
387	2019-02-25 16:30:00.000	370	320	72	299
388	2019-02-25 16:30:00.000	242	422	47	399
389	2019-02-25 16:30:00.000	120	641	10	372
390	2019-02-25 16:30:00.000	363	684	72	186
391	2019-02-25 17:00:00.000	443	45	70	161
392	2019-02-25 17:00:00.000	264	129	84	531
393	2019-02-25 17:00:00.000	359	214	85	484
394	2019-02-25 17:00:00.000	604	310	36	236
395	2019-02-25 17:00:00.000	663	372	85	91
396	2019-02-25 17:00:00.000	672	388	85	528
397	2019-02-25 17:00:00.000	315	610	47	541
398	2019-02-25 17:00:00.000	306	760	47	240
399	2019-02-25 17:30:00.000	340	201	9	131
400	2019-02-25 17:30:00.000	140	281	24	341
401	2019-02-25 17:30:00.000	257	360	24	481
402	2019-02-25 17:30:00.000	209	444	85	564
403	2019-02-25 17:30:00.000	282	458	47	547
404	2019-02-25 17:30:00.000	28	475	80	365
405	2019-02-25 17:30:00.000	389	515	19	328
406	2019-02-25 17:30:00.000	611	627	24	43
407	2019-02-25 17:30:00.000	494	671	85	205
408	2019-02-25 17:30:00.000	553	765	69	61
409	2019-02-25 18:00:00.000	560	171	55	46
410	2019-02-25 18:00:00.000	619	200	55	410
411	2019-02-25 18:00:00.000	759	236	29	451
412	2019-02-25 18:00:00.000	555	298	55	279
413	2019-02-25 18:00:00.000	6	332	55	341
414	2019-02-25 18:00:00.000	14	447	46	278
415	2019-02-25 18:00:00.000	297	488	55	333
416	2019-02-25 18:00:00.000	300	497	5	553
417	2019-02-25 18:00:00.000	467	592	47	340
418	2019-02-25 18:00:00.000	642	658	15	451
419	2019-02-25 18:00:00.000	639	722	9	31
420	2019-02-25 18:15:00.000	289	533	49	264
421	2019-02-25 18:30:00.000	694	323	87	481
422	2019-02-25 18:30:00.000	7	477	79	154
423	2019-02-25 18:45:00.000	316	145	74	508
424	2019-02-25 18:45:00.000	246	163	28	301
425	2019-02-25 18:45:00.000	261	174	28	125
426	2019-02-25 18:45:00.000	396	207	28	235
427	2019-02-25 18:45:00.000	574	269	28	235
428	2019-02-25 18:45:00.000	255	529	28	228
429	2019-02-25 18:45:00.000	764	579	28	220
430	2019-02-25 19:00:00.000	36	27	22	389
431	2019-02-25 19:00:00.000	397	115	22	413
432	2019-02-25 19:00:00.000	219	138	76	565
433	2019-02-25 19:00:00.000	106	194	22	79
434	2019-02-25 19:00:00.000	456	247	76	157
435	2019-02-25 19:00:00.000	459	552	63	145
436	2019-02-25 19:00:00.000	272	557	76	336
437	2019-02-25 19:00:00.000	406	734	22	70
438	2019-02-25 19:15:00.000	76	105	76	351
439	2019-02-25 19:30:00.000	528	25	76	77
440	2019-02-25 19:30:00.000	419	34	76	76
441	2019-02-25 19:30:00.000	149	79	22	342
442	2019-02-25 19:30:00.000	500	169	22	186
443	2019-02-25 20:00:00.000	57	625	80	134
444	2019-02-25 20:30:00.000	92	196	80	396
445	2019-02-26 08:35:00.000	238	480	67	55
446	2019-02-26 09:30:00.000	15	71	25	565
447	2019-02-26 12:00:00.000	524	568	25	193
448	2019-02-26 13:00:00.000	674	392	36	204
449	2019-02-26 13:00:00.000	638	427	36	124
450	2019-02-26 14:30:00.000	43	597	36	293
451	2019-02-26 15:00:00.000	183	65	17	442
452	2019-02-26 15:00:00.000	631	492	36	190
453	2019-02-26 15:00:00.000	570	699	36	372
454	2019-02-26 16:00:00.000	512	468	68	396
455	2019-02-26 16:00:00.000	82	561	58	25
456	2019-02-26 16:15:00.000	53	52	68	546
457	2019-02-26 16:30:00.000	564	35	72	568
458	2019-02-26 16:30:00.000	280	262	50	490
459	2019-02-26 16:30:00.000	258	263	50	299
460	2019-02-26 16:30:00.000	271	265	50	508
461	2019-02-26 16:30:00.000	251	283	50	371
462	2019-02-26 16:30:00.000	504	363	72	399
463	2019-02-26 16:30:00.000	299	380	72	70
464	2019-02-26 16:30:00.000	573	491	10	283
465	2019-02-26 16:30:00.000	654	532	72	57
466	2019-02-26 16:30:00.000	364	595	68	243
467	2019-02-26 16:30:00.000	373	676	2	510
468	2019-02-26 16:50:00.000	470	404	68	540
469	2019-02-26 17:00:00.000	678	10	24	52
470	2019-02-26 17:00:00.000	465	23	24	419
471	2019-02-26 17:00:00.000	70	69	20	36
472	2019-02-26 17:00:00.000	12	220	42	339
473	2019-02-26 17:00:00.000	293	248	50	123
474	2019-02-26 17:00:00.000	17	274	24	4
475	2019-02-26 17:00:00.000	278	279	50	142
476	2019-02-26 17:00:00.000	287	286	62	72
477	2019-02-26 17:00:00.000	90	292	2	562
478	2019-02-26 17:00:00.000	604	310	36	512
479	2019-02-26 17:00:00.000	767	466	2	195
480	2019-02-26 17:00:00.000	715	499	64	477
481	2019-02-26 17:00:00.000	203	511	70	387
482	2019-02-26 17:00:00.000	311	559	2	319
483	2019-02-26 17:00:00.000	305	598	50	450
484	2019-02-26 17:00:00.000	150	741	59	28
485	2019-02-26 17:30:00.000	673	67	79	108
486	2019-02-26 17:30:00.000	291	250	24	510
487	2019-02-26 17:30:00.000	302	565	24	516
488	2019-02-26 17:30:00.000	660	572	78	554
489	2019-02-26 17:30:00.000	600	596	24	474
490	2019-02-26 17:30:00.000	18	721	78	495
491	2019-02-26 17:45:00.000	424	72	8	224
492	2019-02-26 18:00:00.000	343	20	29	102
493	2019-02-26 18:00:00.000	369	66	46	250
494	2019-02-26 18:00:00.000	335	77	56	221
495	2019-02-26 18:00:00.000	757	123	59	130
496	2019-02-26 18:00:00.000	228	168	57	216
497	2019-02-26 18:00:00.000	367	254	44	166
498	2019-02-26 18:00:00.000	542	270	59	520
499	2019-02-26 18:00:00.000	22	290	46	47
500	2019-02-26 18:00:00.000	454	334	44	337
501	2019-02-26 18:00:00.000	417	336	29	245
502	2019-02-26 18:00:00.000	608	337	56	531
503	2019-02-26 18:00:00.000	342	341	46	416
504	2019-02-26 18:00:00.000	295	366	44	67
505	2019-02-26 18:00:00.000	193	382	56	82
506	2019-02-26 18:00:00.000	226	385	44	133
507	2019-02-26 18:00:00.000	221	407	56	572
508	2019-02-26 18:00:00.000	426	430	56	160
509	2019-02-26 18:00:00.000	229	484	44	554
510	2019-02-26 18:00:00.000	75	599	88	325
511	2019-02-26 18:00:00.000	333	613	46	507
512	2019-02-26 18:00:00.000	230	617	57	77
513	2019-02-26 18:00:00.000	685	649	56	192
514	2019-02-26 18:00:00.000	583	686	57	460
515	2019-02-26 18:00:00.000	327	725	57	294
516	2019-02-26 18:00:00.000	402	727	46	455
517	2019-02-26 18:00:00.000	668	733	46	205
518	2019-02-26 18:00:00.000	698	735	44	205
519	2019-02-26 18:45:00.000	268	244	74	363
520	2019-02-26 19:00:00.000	502	103	64	181
521	2019-02-26 19:00:00.000	352	487	64	356
522	2019-02-26 19:00:00.000	563	518	64	106
523	2019-02-26 19:00:00.000	156	712	64	176
524	2019-02-26 19:15:00.000	536	547	63	51
525	2019-02-26 19:30:00.000	212	5	79	577
526	2019-02-26 19:30:00.000	538	195	17	519
527	2019-02-26 19:30:00.000	680	687	64	550
528	2019-02-26 19:45:00.000	398	646	22	414
529	2019-02-26 20:15:00.000	353	587	58	348
530	2019-02-26 20:30:00.000	185	420	18	69
531	2019-02-26 21:00:00.000	630	4	18	565
532	2019-02-26 21:00:00.000	8	99	18	364
533	2019-02-27 00:00:00.000	73	486	83	525
534	2019-02-27 01:00:00.000	505	31	83	286
535	2019-02-27 01:30:00.000	567	173	83	360
536	2019-02-27 08:35:00.000	50	428	67	436
537	2019-02-27 11:00:00.000	628	635	36	44
538	2019-02-27 12:00:00.000	539	308	36	539
539	2019-02-27 13:00:00.000	674	392	36	7
540	2019-02-27 14:30:00.000	761	435	2	7
541	2019-02-27 15:00:00.000	421	259	24	423
542	2019-02-27 15:00:00.000	288	413	24	529
543	2019-02-27 15:00:00.000	44	588	24	238
544	2019-02-27 15:00:00.000	570	699	36	78
545	2019-02-27 16:00:00.000	737	24	36	520
546	2019-02-27 16:00:00.000	537	59	36	436
547	2019-02-27 16:00:00.000	423	205	8	29
548	2019-02-27 16:00:00.000	610	314	47	362
549	2019-02-27 16:00:00.000	411	442	47	519
550	2019-02-27 16:00:00.000	412	463	36	125
551	2019-02-27 16:00:00.000	714	561	58	91
552	2019-02-27 16:30:00.000	21	102	36	12
553	2019-02-27 16:30:00.000	285	312	2	64
554	2019-02-27 16:30:00.000	345	370	72	531
555	2019-02-27 16:30:00.000	48	571	2	451
556	2019-02-27 16:50:00.000	376	42	68	261
557	2019-02-27 17:00:00.000	2	284	36	72
558	2019-02-27 17:00:00.000	467	304	47	198
559	2019-02-27 17:00:00.000	142	322	33	29
560	2019-02-27 17:00:00.000	151	371	2	34
561	2019-02-27 17:00:00.000	306	436	47	222
562	2019-02-27 17:00:00.000	738	520	2	456
563	2019-02-27 17:00:00.000	256	592	47	204
564	2019-02-27 17:00:00.000	438	601	36	577
565	2019-02-27 17:00:00.000	56	760	47	60
566	2019-02-27 17:30:00.000	429	201	9	360
567	2019-02-27 17:30:00.000	303	215	2	540
568	2019-02-27 17:30:00.000	257	281	24	556
569	2019-02-27 17:30:00.000	645	340	9	519
570	2019-02-27 17:30:00.000	611	360	24	376
571	2019-02-27 17:30:00.000	607	403	79	518
572	2019-02-27 17:30:00.000	644	405	9	377
573	2019-02-27 17:30:00.000	140	627	24	269
574	2019-02-27 17:40:00.000	318	569	33	374
575	2019-02-27 17:45:00.000	481	516	26	539
576	2019-02-27 18:00:00.000	667	176	21	315
577	2019-02-27 18:00:00.000	556	202	21	177
578	2019-02-27 18:00:00.000	208	235	32	454
579	2019-02-27 18:00:00.000	688	409	54	380
580	2019-02-27 18:00:00.000	273	410	21	87
581	2019-02-27 18:00:00.000	330	425	21	170
582	2019-02-27 18:00:00.000	152	452	21	357
583	2019-02-27 18:00:00.000	664	461	54	288
584	2019-02-27 18:00:00.000	659	513	88	432
585	2019-02-27 18:00:00.000	729	575	54	445
586	2019-02-27 18:00:00.000	418	605	21	366
587	2019-02-27 18:00:00.000	590	690	54	291
588	2019-02-27 18:00:00.000	85	728	21	296
589	2019-02-27 18:30:00.000	455	661	79	31
590	2019-02-27 19:00:00.000	232	231	8	421
591	2019-02-27 19:30:00.000	517	587	58	414
592	2019-02-27 19:45:00.000	501	33	22	568
593	2019-02-27 19:45:00.000	64	41	73	27
594	2019-02-27 19:45:00.000	240	450	64	296
595	2019-02-27 19:45:00.000	566	681	43	498
596	2019-02-27 20:00:00.000	146	197	26	204
597	2019-02-27 20:30:00.000	541	296	4	93
598	2019-02-28 01:00:00.000	122	121	83	394
599	2019-02-28 01:00:00.000	439	478	60	200
600	2019-02-28 01:00:00.000	347	523	83	89
601	2019-02-28 01:20:00.000	636	440	23	380
602	2019-02-28 02:35:00.000	742	623	67	214
603	2019-02-28 08:35:00.000	37	496	67	538
604	2019-02-28 14:00:00.000	38	113	80	167
605	2019-02-28 14:30:00.000	9	616	31	368
606	2019-02-28 16:00:00.000	181	177	31	77
607	2019-02-28 16:00:00.000	657	178	31	297
608	2019-02-28 16:15:00.000	640	270	11	417
609	2019-02-28 16:30:00.000	750	182	10	218
610	2019-02-28 16:30:00.000	476	233	10	359
611	2019-02-28 16:30:00.000	172	395	10	358
612	2019-02-28 17:00:00.000	669	179	31	35
613	2019-02-28 17:00:00.000	700	453	51	49
614	2019-02-28 17:00:00.000	1	614	31	434
615	2019-02-28 17:30:00.000	57	196	80	448
616	2019-02-28 17:30:00.000	719	525	15	367
617	2019-02-28 18:00:00.000	531	51	14	276
618	2019-02-28 18:00:00.000	180	89	31	12
619	2019-02-28 18:00:00.000	670	498	31	164
620	2019-02-28 18:00:00.000	165	695	87	257
621	2019-02-28 18:15:00.000	54	701	4	396
622	2019-02-28 18:30:00.000	16	317	71	513
623	2019-02-28 18:30:00.000	260	325	87	446
624	2019-02-28 18:30:00.000	147	696	87	569
625	2019-02-28 19:00:00.000	137	117	51	476
626	2019-02-28 19:00:00.000	194	149	22	56
627	2019-02-28 19:00:00.000	697	321	87	6
628	2019-02-28 19:00:00.000	275	694	87	460
629	2019-02-28 19:30:00.000	166	135	14	371
630	2019-02-28 19:30:00.000	27	397	22	268
631	2019-02-28 19:30:00.000	530	432	14	452
632	2019-02-28 19:30:00.000	593	650	14	182
633	2019-02-28 19:30:00.000	415	758	14	467
634	2019-02-28 19:35:00.000	159	60	12	360
635	2019-02-28 19:35:00.000	96	108	12	273
636	2019-02-28 19:45:00.000	634	97	43	103
637	2019-02-28 19:45:00.000	482	154	30	165
638	2019-02-28 19:45:00.000	753	328	43	86
639	2019-02-28 19:45:00.000	357	399	30	453
640	2019-02-28 19:45:00.000	400	675	43	530
641	2019-02-28 19:45:00.000	744	746	43	212
642	2019-02-28 20:00:00.000	92	625	80	321
643	2019-02-28 20:30:00.000	708	720	4	283
